$ANSIBLE_VAULT;1.1;AES256
34333230633564303434306438346131316166353464663937666637333234313034666465633636
6161333861626632376636613838613437643864663165660a623566383334386434383761656436
66666361323662623238633933316465383134613066653934613763613162633137646237303332
3130626130666562380a613031353239623434353130666435396134626437613731623366623964
35386435643531616434666636633734626637326530306638656464336463316232386435343238
38666231376637646535663037323636353939643935353964373932666662643965336665643336
64346333356264386239383261613837653564353730643931303630613463653532383939386362
38323535666562323363313833323563663838633834346138616532343037643266366534626364
35616365396164613232353934323566316330646539653733653632653565373463313864663036
66656238626337646532663962366438313538653235633238623661623461656536376165643932
64343461303237613139393465626563376337393736393965626339623235656266363463396635
32363330616266633139333361306530663361383633373232356161356635613937383161313735
64373636333039626436336564336339646130323661653437313336363933383064636262363065
65326230636439343263343034366535643539663632653634616530323063666435316661636430
61323766643535316361303135623732343337643166613832636564306263333536646663666331
65393931653037333464343633303239373537653666393434393838616339303536386237376539
39356162306264666364363532396537346337353038303463356566303262323462
