$ANSIBLE_VAULT;1.1;AES256
38326136366635333239623438313062326434316636323465373932366439653536326165653066
6364636531623566313833303232623937303533393565380a623862613962393161636237646536
62623766326662313638343433346230343230643263343564303233633065336334303335643539
3134326531373534360a656239383062336638636335643163366431396466353739303461663432
65333865313034346234376431343861353031613562633562643464383232326165366338346265
32323134366565656163633435636435613833643935323132633163333235356236353661386231
62376335363533633839616662353934666362316534323438623639353762316138663862666532
32663038636366633734653731323563363431383537326337626137643664323931303538653134
62393666383538383539343232666163623539303630373939363636363638336462356431383861
36653565633162623230656466656531373233383635636166616165393764373732336465616530
35666238343864353936376162643832343438336337646237373831363039326263303862313137
38663933633762326433643931666438643438373436343065333337343161663863333336353530
32326130616336376565636363643030373738363039356532343339633735663232663865316131
64346466326331303236356139653932656432376230373465363038653566616466386137633838
36636461356133666538386361616565323661356363363830633661353962313164653535663230
61386366333932663532393637646530316663336334346662623537303939643530313739616430
30353065663035376337663735643561633430666265613962376330363962353830336361336464
38616639613035353864396536643230316235366133663135646639313636353634613334346236
37343866343761313436633338333563396431633834623365383666346534336565366265316665
33643362396563383334323834656565616331653534393131613932353863663535653461363936
33326438646264353237346632326333363236313432326534623136386136333665646132326334
31373934643937316632356633653066386335313465363038373132343662373238396634393433
30323661363538646132363336316562343836363035633366326635363266326236333637393861
66363865633339343232613035623239303465666330643166363863393264393939313830326530
65333330343031333630633865653832323433356466313162343961383962623133623037353762
30373862373535643330623337313139353038653933626361653933326664636135633834653065
31303665636136326530663839336538383763666664646333323533643132636537663331666335
63376635613535613661653436626534363736636231343330356264383662313266663933333033
30623165333536636461326164323135616433346339616133396462333838666437363163356132
66326636363939366439613531326233313762373934336361636466383263306463323966616334
66323438386430633833623332353263333435643439306236666230663639366634653537623438
38396638633963653335356363633536643763373461653335303432343739636430366634643235
34346635396463386630663265663465336563393865363437666265363937366335333866356664
30653966346231326436306238356162353633656131306635636166636538613933663933356364
61613163663934653134663636363662393239313863633166333438353266636231653063636664
36356663363638646366623764363033313036623532633265336533656133393332316264336539
33353230373737353831326135393238396565613962636130336134373764323163616131366339
64343737313634393636326538356232303262613631633431646639343339626434656538353034
36666263376665326233363265343166623336313139343539653635623732663739613866653636
35303335356431366263613963333465613036356666623831303464373331653430643338323738
34656362626639643032643436303266313237376333303663633930633338316339376330616438
32313963366537323533353265666132656163343638343065343836383461366161653364656330
39656462373562326336626161316637626666616134663962333364343665613734666562643234
30633663356664633332303633393265316261646261666264626366396162633733363737663332
61363133303636306633303761353761333362373062623435383639386531353337663739366636
63613061623337313038366639663961623461366432313834623139653834656464633738353135
35363332336338663566396633376633663332613861633539356564356638313637356433303463
31313862353431636537366435623161613634646139353163376163626134306233663264363737
65333038613033303735613730623266653733313632326662393730386135393433366666643030
32623634306433616435333138366266653234313436363766626437386161616362623535643932
35336566653965303761383964333530643538356636393432656635666663306138373532353035
33386163393030363235373433346466393833383930373132303663383632353536336665373634
63386639343338623430626362303139373136303432623334353237393734323637366131616431
36316234663666643237353134303165343334663933616531366463333465303562343838366339
38656166636164353964363964353464303938656130643638333635396437363237303064323739
34316333333030396134343734373836353933366238393636396266383734616336333262336661
64303034363164623634623066613665613964643934373962633435353830303132353833656131
62363162653362313265333062303962663435623061313235353136346562373835653065343565
61643139623839363037363131666234636564643063306262396633303761343638663335346438
63363465613936313061633839386462313639643264366238623135633864303863623332663832
35666433316437363363636230373936373832393735306235353763396261343132373064396238
63393733336630663964386565356638306566343031363936303838373562303264343361376362
34333330613135336165356437396562373565376232363663643631363431643436633539616663
37653832396434666564306531613637633761363736323338643663393165383337303966383263
38356439613635373861396564303738623732396163303939373539303632303335326264393639
63356265653439313035393936393831613538633465306231333165393135653839306238633339
34613434363963633366323138343030336538366638396563303739616336386634326230306131
62356165333263646365386633626636326437323531366434366161333864653662323439393063
32326631353431393439626230376137363932636638373861613037626665343462323737326535
63663961333833313739623539303162663061353065353761626166356535636132363734646533
62396165616136306439653961323965393833626337383662316439393734663430356439303434
30363732623834643330616532313932343236343765346466363663373130383462383638353566
38363631626666616333623562653663613234306435393931326161353538316337613730323365
62306162626635393665383566396334356132323963333234646337363763613232336664333032
63373764353332623063346462363637306530313734396435356132623166326537303362356137
31663630313737396337613361626139623139363164303865656231393761333066613433393333
38643664663265323739626533626266623430326563306266393037343038363366386231363635
31373532333533316265343061306435653138393634386230396433353666616565353436626530
63613333373064316231386161353931333835353737663730373165646664313339363736393031
61386663363063336331343336643434653866303935353439333734633465363430623962396336
34653835303836643261636135393864626566363933353562326563333931643864633063626139
39656164643561353238663066393135313133613666353931633364313461653933346461396563
39373636633666363730303866303237383034343862633863666161376562386631303435623239
35356461323031333731623730353161353430623536643464393030306237616536393431333566
66353830623630303835653338313762376563653865613864313130373561633338333039313766
38306265313733336631366335386565346637336166383630633531626332396434653032386234
30333932396530313635313638373064633030353465383336353039366262643633616466353931
34343062326533626263656663303837376332343239356362373136326330313934363133363861
34376465353633653936333830663263633537643039613135666563633466343233366366386661
61623762643037636435656364656436636336343834626536333666663239653965376362326237
33326237376633653962326637356631363466333466323166303034366466383530656534616638
36643661613066353961303264643534396361663233316231373436366466366566383263303165
35313764306231386234626530323132653335303734643737646538623065323862363638343433
66643838613466386133316264613237353463316563613639373230656433616263636638313033
38333863366238396537663435353030323930616138323234333365303031363634623237663562
36653962353839373631366264643461313165303763373337646635646561366633643638633638
36653737633964353138613733333762303563356362373333623233316631653763383065643365
62333065633261306133656534343335313932393731303535383661653238313437313330656135
66393730633062643532376138663435353361643364646634663633636336366337646563376431
35663565336563393761383532666261653237363664323834356133663736616436396239353635
33666631306432633732393362366538383033643138623132313763616363643664626665343737
63646365636665396532313465393365353734613938653539346233366561643532326135663332
36393935393563666333616338633661306333316330306536383062656432396562623639396434
32336438366439616361323266323165646364653638323634646338343235643465366139303161
64643934373761333239343461303334343038646236373331646466646330393232376665326539
33373733313166613162663439363435666465373736363436366561373761343666656639643936
33336164623834653733653131613731643765316466396536363262343237306231313333333137
36326130646561386534646438303138343232373466306630636330373138383830653736373561
62346530386230623433376334346664316164373633303334383337303131343630633065303332
37383734333236643764633064346661633834353036363239356136353763656432326161373937
39363931306230303964386139316632633939326339663364643563383532303466366364653031
65626432333565393362363038396561313864373763316561366136303830343866336337303136
62366466303435306434353230666135666463643633303332643062346663663330396665323939
35376430383239663364383535333166663339653966656530356262313632643663383864643932
31333465326137323237393664353235373835643838323963383337626366666332616537613634
66396637336431363066383039346233323331383162333463363734646631623837356539393964
34383938666431626138313066353734376531366666383034393734636161363733663062383731
61326130666639323437333339323637373066643062316535666134316635373831663638383365
63643339656439313565393364653432323462376637623733383665363861356132306437353564
34366533626435633530376162323930303163313761613263333162386361366534623866633730
65613662313734623537613938626466353138346466383461313034386533396238663535646135
38636333306535336336346262616134633366616233313630313164366362646536386433643964
62316632346639323961353265663936623365393931663632326230366133313161616235336233
30653130313733366134393636646461323761343533623061363433636365653033343639636534
64663263633966356131333234643330376538386161383934316262346237363962373865306131
32396431396561663831333535373261316666363338396338353235373764613539623766376638
62346266386138623166336134663466613333636165333538356639356266333433616130616237
66303731333236323565343935633730616231306231323266383862373461626338306234656362
34393533383162626437656637323535636137663065386566646265303264353565343139353133
36653433336162363534383632616461663032333031613433316462663631363532353565623766
36306565316564626362303834613731306636616562333935396333346461393736373734313162
35316331363462373466393265373934386165316636363566623561323663363037333234663132
33313964373133646466636666396235656438613965373039643732663735663030613962393831
65323139663539386135333663643331656165616234346331316139646562313065623334646434
64666465613932383761666436663263343663303665326363626263363035363734626137353862
66623630303964326162663233616662656265333264393162343536316566633935306439313866
63653239656330356139386234383661636261653638646433336165383730633231336231386239
66383663626564383666653432646566616364323765353666333436366536653438646461306434
64663061316636626565303030613235656530333365633066316364666331346261386163646131
66356531643436383133363330323433396162343464386330383430386263323965326664373633
64643066643038336461366564376236633539636563663866323230306430666334363033353230
37323239656432313930616163613334313864326461353434636439373065353966356138613361
61393461333962613663316331656331323766326261396463376236393035643666363035373332
62653237336231646632393139616131653531306533663065396137336431613062616135613462
35306263306265633233663735633233633262393636326438346433636536383739653735366465
63306264393238376562636433333964336361616333383336396635396166316362363431326231
37636364643031383161393931646435376133386430353236366639633162303638353964616332
31623433393562313263376466633033323431396461323561376537633336346531393033653265
66666333363134393133353939643438663332373731393238343934326164343063363235386138
38356637333561653733343663353461303464363636623536663138356637653135346462623939
31373137346131333430373030653138353137353966393834646333333034613065636531646337
38316261363266306234316238303634346536626263616332366264623833623861396664386335
33636133363066346436613539333365373830623632356633383733303837616636663466663666
36356433363835623262333861393331393364393630306433343531333561393765373266373233
62666434333930373535366564666263343934653739353762346462646365616433613633643862
37636234306430656335626236353962643161316135393338646130393965663335393931626161
37356637333237613965383264643038323366393865306563303131363237653963666339613937
63376663313636383131363966393131336565343861663762646331363964616566356139653439
66636664393135313062343332663465616630386464316466653630346462616133666630643732
61663738363139323761383963306363373433643665396366623436366165393634393463613933
38303533376135323561343337316265386638636534623330333831633863353864303037333739
30366163613336363533333031336566626637363439386137323061643764613163656539353333
66313737666138303738616665623036396665636234643864386132613363616365333131373363
35656239363030373639383863633761303563383336333933346636323231653032633335306365
65656163666330653031653739393633346566613030356634393138323964643763363537396664
65336466303539373433633562623764333131396430303632326263626335633964376530373431
39613930623665396532376138633165323237343965636238386433633737646239376438316163
38376235343036316132393236366466333436333133663235346630643938643266373939303763
35373062343166613238656262613331393331313162356436383235336333663635653136386631
65376366303733333739653537386337623534383833333533336630383039323133666632376636
33373064656565636364346534353461666131376635396666636336303466376163373938633465
31353137373138323437396532363531383636383134373836383065356338343231353934656430
31613638316235383035633963616336343439613338323361393531616330373132363961343362
37346564663464356638633138336434653365376166363034643034623237343263373137343763
66336630363162633338663136353633346661386565333339353765663632643861353963323462
30396438396531343061326634353130323562366665363736303636376163613639343765643166
65306130626262303530613966666564623463306461653932373430313165393139313534623434
62316562333239353137303033316263313335666163613264646561633233313136343032643732
36653535626461623466333161333365366136643262303638386536353338376538363561356361
63363732386535343730336535636261373464653661613136633363303763336537383733366561
65393963636161393335363865353935643964623965326536323830636137393935316134643335
34383366316635663065353464623165626661633631623563313966303439383836333537333638
61333166616665633134326137343533343266613363663839663730383062616164623630363666
37363731343630326433646439613266356565383236623631366638623866383534323135343266
62353730343263316163343863666339336361386234343466616338636338636232613338646365
37633561616366653833323237386331313931346435316635333133376366333338613739393835
36633265396637343339623734363238366136386632393264343439663261316630623731653333
38346537373937643563333433363639373331353765633938373632643734653438653263363861
32313866373734316336343432323936623839666136313630356337313961373339366332346136
62363434626261643934366635336538643334383463636630646331306165633636666234636562
31666338653833323664626436623132306166326434323665396238656466353866343261306164
38613634653534326663333430326433346662666236333430623762636136653138373731306438
35343263343930363038353934343930613232326466366438333937383862373131633835333964
37306634316334303163326135613430363939323832613638343366303437343063336538393265
34383033656634323636306131356464323738306362656131626334633031316437663937323138
32363663366465653564333833376666656639386565316663333564376166313834666662623130
30326364663364613333613063613139386539663539356530656435353463633066663034383433
63376539313732333363663935383239633763366334643462613036316636313761383765643736
30616663333966313737316662386364396562623731346630356239663364373138323931333535
62663138353030323163373437353339383766383064336134653938633137363361363066643338
34306364646230343134323433366335383136383064616331646634303138393362363733663730
35663364316336376465633965626363643064303464303264363532643133663836356336316564
39303733393931383039343465663533373364393236643335613336366365343232323934616234
66373430353766303966633735343965633264366236346135356463323065646635616330626530
61363866613538383238616330346537346566626566303462303635373063376633666538316331
39343764343063316539303233623037393065663464303634393135653833353433633666353563
63323938636131393666306338623038336466363265353661313862653464663466663565323765
66386332396664343563303735666562653837336130396338353934376239333866633165306531
63383164303963323661353236373834393532366231376661653666326661343639613262643531
38373062363639626662623732623539396132383531376630633738373964613262636233386234
66353261383530613330366563616435626538663266626261633932393339336131353736313661
39663961373864663936363138653139373266323161383636393330653033386236323765666564
30643533303564613163316162653563343863353962653461623536376264313632653165613932
66663034363766373834393762616263636334373738343830646463363431653439396264633733
61643337353764616662336565643561613132613563653066626438313366333638386533663531
37626334663530316536386631383864316235643635313765393565666638373230326166646134
64373062663931623830366364663939306331326564353638373439633836646564633032356338
30646562356165646261646161396638383232313565633665333037363065366630363666346630
37633963346231663637313661396134376233323433306166326461623466643162323861646232
34653331366136666631623434623666656639636635366165313064636435613533623332646264
30363335646166613538616232653066616265356435343036343733326364313863356364623638
35666634333538363865303565393766383961643764646533363035626536656537333231656366
37633165336362373963323939373064326434346562386538303666356464366461383730393061
64666636623936646435383931333533363833306239383165356332626638303334313964373962
35353631373638383136633163383564383765653439316163393065613130633530333437353838
3237313836643266663131633737343134376666386130376430
