$ANSIBLE_VAULT;1.1;AES256
33653533626565313765306238623231353462663739396532303365323138666430343532323566
3232333435666639313164333162313766383632656161300a333537643163326334633765613535
36343133383764396232616566343739313038376632303361373136313639636161643366386465
3733663336623032360a313138353863616434646636396666306635646332663131666635633162
39666532613365663231316564313933316531643537343837386331363763643030623533656364
31336139316363643036386131396238396334373437323362663364356134333431373730623936
32376330356436656636356134333963383463356137326332316164353233346666353831353238
61306163303666393237363534363531313764346137666564356531656633393666653836326338
66383962343465303731623864323937383233646333363131333237313361396239346463336262
32376165663437343563316661623766656166313134353134393266366237313336313731666438
63343562643733656631623837326331353031663033396537633734326436353064383035653965
31346435636662303139363339306236333038633336383632623134343562356437303762616563
65356564336563393734613161626463623336393638353063666362616434333532393166353538
33623264356638396638643735336266386138393266306638323037333439663634376636396262
31336166353937633039653539366133323363643636343139306164666362653032363762626266
32363735393861616536363766613832303931393165666530636164396365613261366131653765
65313535383635653861643138613638643232303933306163323736333361626161363336356436
36356139383238356364393562326132663866343633633231333339323936333162346337376461
63616362306634666339663932613933386136643366366531303063666634313439363066653163
66373039653335323535313035633963366435383664626365643033643238663335643536306266
62393164663864393530373139353033653233306533663866623936313439663639366266663365
39613837343235656263646333636463383934356533373164616436383737353332383031653864
63396533383135613634333764383164326530323438383233303630616338656336323465396465
38656566393739396339353739313033313338386364326436623364653136623132316338653033
37656233666531366138373631323234373666373864373566306236653761383464613737653231
39356664386466343235366566643638656564303531623134303735333034376337346239383562
33633637383634373861646539643235393531376535366264323962653466373236383137626438
64396131636266333133373762653362333532363137383033333038333137626333353561303939
61393634643139336230373964633237653536623437333938343461613661613164306136393066
65633165313365373165323134653034613333383662363836313062356162346138386365383837
63333032393737386236306533643231333861393262343530303362376162343138646435633130
66653265356563306530626665393033653266373665313135356538653166616435353564326162
32633537613831373264643439363361346135633030663531396466666630313664303866613337
61363232316435376437363763313032353763616538316133363032313833353264356639363636
64353731303865353934363966663165633631373061383365616366633563393962343737653833
37633436653938373638333961353362326430346263323962646264636162323739653932306334
61366363323863383731613238663664393630646637306261333637376635326633376134323637
37343339623230656336626436306536353535386330656137333631363462393437346262663964
62326438356566636266376536633432303938626331313366383630393132646436353435303766
30316332623735356438633532303064366266333135623330313439366366326130323764626130
34663038383665633536656335663966303564386633633364343361313831326430343736316331
34366233343861383138383837333230663066383836636165643564613961306530666665376139
66323333376636326265383238323130373532636438383335616535303564623034343330303838
66333333363565663766306138633165323164313932656432383963613035383464346361623262
39383236343463633834316466303638323064626139393232346361663062303963653461353132
31623735386336626663333136323834366131383830613835383963393762613537376133346332
61323634343561336133313339376330653961373764366561313537346362366435653736363232
62623030326562613939366136633761343465306435333833373263356538376364646430663463
36633839343533333530303935663838386632306434653536373265633136633866613561376663
35316530373332346132633336326663366563393439336437303534666239633135303262653032
36343030306162373834356138383532323334353638346265616131323837633965613137613130
66623962643230623839386233373139343761626334396435663463633934343938386635333237
33313338666437346661313132616237643161303031363236366465393861376363353064653363
64343962333532343733623936376237373066346535373765646661656434383862366434616561
31376565623339326262353739623234343133303938626633626333346230353463373531303665
66303538343635646664646632366663363234396337396535366136306434336465653733666437
37623061313663343030323235666663653061346137393233386630336163383764666434666465
30626562666561383331333732633237323036306439613066313563356331626466646439626338
39656365626263363631663462613562393531393137393864336533633765313633656435303030
32633962343262353437653233353633663432386536623561646632646466353632393436383530
33336435343066623930306337613064356265346162306465653334313331393363393535316537
64316664653237663632343835633234343131633134653561323063623466303164656361656565
61353065343931386662313239653332326563663433633239353533663833666463323662323064
34346662303735643563663636313936313433663362383162303230356466393165336230656139
31643132383135376433366166306636343264393466636433333931643963313531353366646532
62353438656464656431333932646361613561656131666134303864646133333139396462326232
65656366616263636235653235623134326466633461373233373931376438613865343333326363
35383433613334386332383835363432373364663264396663343337626233383663623033336266
37623166346136356333316633656165386163653965663464333035326531316331336234633165
34646562336163303561343264333938663835623934653330633562393761326635643935303032
38646263303463666633366561313362363162653330623230666239633934343738353231346335
35363764616664336238643039656337313137373139316561366266393730393065373763393234
38343138393732336331346163303365303262323931653334393661363064343765373466323133
61346539663335333037326538396462393737633230616630396633396131333262613031653465
30623137613835666535653033323462656536666566613033393866626662343064346165376362
37646337653064633030646133653163333662303231346365343932656432626637336665386235
34353339663162636364343332623035396338396535663436313539613431363764666231623863
37366134383532626534363963353338313065393033326461303836666338636162313065373638
39303738646334386235393939393032306437633839333137346661303361336536306664353737
34323065643461383036343634633333663230303864386134373866336339353638646530306332
35336264643766393039643032303764633431623464393263396366666230313366666135333639
38623762653036393536313061656338346238326466666239616139373162396361323166356533
34346661613365386131326636643833303635323762633930663839323032666336643530376237
62653039336232633630336164656339303931616233623763383035353764666430633464626662
30306437353438316164303039363934386532663463646531343136663963333831346364386434
39323034396236393439323934636466333332353630316262666561373230666435313862646364
37303166373132303134303937663236643962663436333335356130343263316565356237323634
37656564326361323235373033383637653031303665623764663937316635336661303938366165
39663833663831623237653363333565313963353130646636376338633336386534303365396336
64643036383663356436656266373665323563633563363731376466306536626332343638363035
30306436333263376135653939626233633131663730333835313834303435626461323864343166
37353232373338336139383634383765663062343264343734366136663764623235306164383964
34336334653462323931363137643036356465316362626361366163646265383037656535306436
62313737333238383362303130386533363065386632633738623162343462626435303835363936
37653864356539356235366438313161653830636364333763626663356439643634363830656534
37383332653837373566343361313731356361626534323964383830353035333364386163643234
38653663353965643531393438653661363133333666613864613563373833386132633334643437
64646631366130333032396466613531313530356464303131303163643261623131316532313336
33396263313930356534336437353062396230316233396639313530373565666239323764303934
62356361663366353766613762653130376466663434386665306638663564323562666465666438
38346265643461656266383133383938353766393664383466303461376232346630396332626233
30623232663338663235313161363135626238363435633130343136656633376138326431653837
39656661393433303362623735333161356662343931616564633236356661336139313436353836
63373965623861623635653766346534393831376238396566633832643435356666316463303131
61386238393465323633623538396665396439666538346637376538356166336265613136353465
31383035663862623234366561653730393563356336656566616563616430313235336332323431
39353663306166373034633335636561613035313533643837366436326531623037643233636135
32656163623364303232323139653765393834353331363266333532313938343837383663316562
39663164303865326638306133633163383838346439373766323935303032346362663065613264
37316537366439663965333534353232616633633065356236663535353463613836336462316139
33613835626139393134613136393634396664623536656665373766363132393334356232376136
64663136353366313330303464313634376565346664393036396637323164386339333931653563
63313537353635396463613061643863336432303338326465616338356438356431333730326165
31366438663535363161653538323337363537623838366466653266346232366262323463353738
63616561393830613832336564336633643763346165396333333631373334363239363534653965
38323761383264343032643762636563333462653531646230623664636462356236656363613138
31386333623239326338396365313336646432393461663866373830386562313238363735386263
34623332643136666561643139663161383866643636663639333931353233666538383236616135
64336331613532616335356230313564326464633661336230626362353363323764383563323366
34656639336565663831333839623466376566656461623063353536346535663837336430373739
30313163616665663437373339396636363765346465323965663665666636333136633762636236
37323734663963353438356539333130633835663437333836363961353663663563663464666266
39326436303135306636313339303061616633313365653266346566313665353836623563363166
64316362326230396165333635366135343134643366313063396465646533636635303461363433
39386133343964633264336637353431393763316461613065626362643930363137653534623436
63663436383031323537366135656434366232366161633761343534616438313563616133633435
38656137663533643034653163363665343231656266373435613834383762306632613139363238
36616431346333326536623064613130656331633332353064333835633165653838653932353934
65353135613465363830653665343163666435353131353765373662663962643666346137333663
30373563346464383335306537623331653164616337376463383534383063356333343232656439
65643866356630366464323435633838313333646131373464376135666135343264636664623532
39316166663561356337656164623738366438353062616630313637333834356163346163373639
63366233353764363562316633633863393664356138376161323031346136393962653765306566
37396432323736643030383839353933323561353730303633373961623735333434313632393331
61363132376634346565663538393734386430353138346239393965353961363965313331373962
64623035636234623536626239333735616236623839303766636633393465346239353132353034
65353431303934356133376137323836366135653866626138626438613731623338626531633930
38323231623631653431653836393335333134663330613039343439376131336336396134313437
64393035323630626663623264373261393938356337623366366535316231393639653632346662
63633666363630613930323439303564353066386436313761636230646133383265346361333830
34383264383838313536663065383962316433363831373631623336323931326233373230383666
65393539656439646430613365343931663730653230663733633134646464393138346463643437
62633931366236323961316435313766353139623563326665616266306563336164666633386538
35396631636561323863386463616531326363373637626565346233633231383062616335633536
66643961326463386530666634386166353963393639633463396561633630356365363233376462
62303639616666393731373836613934666163643334623065656565383837326435323830353232
61616430363335383632626230663466386633313932346431386664393433373061626534633565
65666662346533376139306566346632633032323330626665656462363731343265363536336263
65396631613835626633313630363961343166653834386530336461373238373263343931396634
65316562376233336138346238386331343730353663326539346434653963376632623561303433
32663431373232323737643930353466636436663561333464663364663230653033306261633961
35373532323239313234386237623631313739396635353635623262656365653638396538346638
65326436346136383235316662636432363266373261323166346364356264656662386534333965
36333462376638616365383761323165323330303031326239313239386239363337333635353166
30343461383663613132383362316364633664306632643261326561613632623636616561336630
63343766613339376161383630323530313262396638363139326538663830303562346638316635
34326363333736386139346461616566663035303431663261663634353538323737323533653034
64373965373665336434306261643730653336346563663363626666613535303331663632663239
62663333643130643732376234633166393863613730653031613738326633373365353438376332
36393432356661616365326334663964343233623632393131323737353338373339623936313334
65393231353337316637343837626339653630386532383533333165623637633761303736623130
61366662393337396666373538656439383061336633333530323134633063386433376662376537
30333566303134326236626535636135376235376365323738626639376438356535383564626363
31353539323436646265383633376632643262356436616239366664653364653939663865393639
63643031346233323561623534613039363931383933363332333165373366306333376532326534
38356231656566633036393737613562643561373736396438656634366431343862383332306334
30313331343539633666333561636236373534363831373862323366303632333261623766613261
38343231313961393336633864656464653635313434663835366232633931373032623831303964
65383665336138333666343737653136313465653037613065666663633936316430376232663839
62626166336430386238663330323461623865346162653739316666636634383034356164346432
61363031326536393662633336313733633036383939366536333239373137633437383435366130
32333461343738333932653734393463333430666365623562643139366632643739343361613265
32613864623538653834663039326632656631633632316662356131666539323063376265666664
37313036363130323537663136333261336366353534626537356663356331303062366338373130
66353232343834396137383734363632363636666265353434613437613866396339326131636664
64386361636630366430336532336635383162316161343033313363333038343334633231623837
65303665623637333337313232643936383933303461353832386537353532633339386563393830
39326335323931323832643139623839396262613563353563333436366532323631643662373630
63313830623839643862613034353338393734383765323931363932663837393663343835356335
62343939353365303831326637373235323331363064343338393662346230303335613837643138
31316565623335333638366166333364656330616633616466396563313339323038323335386661
37633231376535396133303566613432353734663835613866646262613866336637393531373361
63373766633936616339373437336564666535313032666438336630383666636334313361376364
63646264653065313831383461616333343233346137303434343733383664343065623230646635
61653835383231303839656438363661626531613364313230653165313334643130313862343364
37326639613565616561373133366634636562383065353566363735396464663066366431386338
34343264336464656532333261366333356162346131626164656236623937336433643634336662
66386633393436313963646331363931613761366436363566363166653936336363393966613763
34386138383035383335643465306464343531623464396261626436343437613130316634303261
36613332303335333331613033666264363563376139386432343837333338396439333433396430
62326562373231666264323834386333333464623161363438666462633231616164616465663437
31646137373234653536633036323265373734346162356366383564366465383165326138316335
35383334613137323937323238356332393166373136353533643766363538303165616665366563
31306232303135616636356265323066623738363266616536396432653132616433303233313561
65346432306133373133383735663930666164643736373639643566633463623234623466316438
39643532313238383866613330353565373137626465376433663264636332633735616234343734
38383138633230303363386461356338623637653435333461636130316138353437636238323935
32323133323639616465623035643832373639626361333637386232643465613631326133336639
63623038333738653064383039343462643137386365656362653133323430396335646164643836
39353237396565346265646530316537326133386564356165303434623866633639323231303762
62393061366338336231353361396266636633313035306438666266396536633866346431326163
61636561653532356437346561316465643063363866663539343635613433613335396336633466
34306532363533326662626264336565326334363764626664323739646631323431376563666662
36386534323837363063623062626466316266326563393365383866653332656531656461626330
37623432393965376537396565363162383631616663303964393964303034656332623430336461
63633761396665343733336131336164396531383466623634376235656431353733393732383439
33333330613965626164393135343161333862316362356238366433386661313061613631653033
31616263333234366237353762626333313230613334653635626130366566386664646466353334
39353963666432633165656638383138366564633332626263376231303339666237356238303938
32386163346563613535383865636235373236313936346636376433376461626432306531653033
37656630306661333263353836656337393230356363663963363965316233656639663930353861
34316263376563363737343664376439336230323837633964323262373431386337326533313639
63366566326239373464396565363264616138326530656132643362643434346434316337636137
66626565383836623264306562326462316639386235626239356630613632646633666262666131
30663736353661343962323638306334316663393837613033373634333532653838646435363730
38396230656231353665343862616466623166343331386565336530613866336136363864663131
32376430636363313939363538643230373536613033393064613339366439333331383561613163
35623930633131333766303739663231316437653638333432376230623130653765633138313830
33346262343338663831333039666161353433346364633130323334363562333633613064643238
63333361303166363064343531363138303361643937343539323063393731366437343665616139
33386236343264333432653336303438633661316531663232383265613538643934626461383531
33353231343832333436333933366436363461643762356231356465636265393035656164303238
38343535316635333834626462646533303665303135383432636666323465343235306562356665
32323636356565626132363033636538363532376430313139326130303134343635336631313136
31653835643330326365623436386431333035616433646631393339396264336133353335363365
31363566636335616636633962333833623262363764306661363831363933333435356365626461
373535323131343635626637623635353234
